#0
0000000000000000
0000000000000000
0000000000000000
0000000000000000
0000000000000000
0000000000000000
0000000000000000
0000000000000000

#1
0000011111111000
0000100000000100
0000100010010100
0000100110000100
0000100110000100
0000100010010100
0000100000000100
0000011111111000

#2
0000011111111000
0000111111111100
0000111101101100
0000111001111100
0000111001111100
0000111101101100
0000111111111100
0000011111111000

#3
0000000111100000
0000001111110000
0000011111110000
0000111111100000
0000011111110000
0000001111110000
0000000111100000
0000000000000000

#4
0000000010000000
0000000111000000
0000001111100000
0000011111110000
0000001111100000
0000000111000000
0000000010000000
0000000000000000

#5
0000000111000000
0000000111000000
0000100111110000
0000111000111000
0000111000111000
0000100111110000
0000000111000000
0000000111000000

#6
0000000011000000
0000000111100000
0000100111110000
0000111111111000
0000111111111000
0000100111110000
0000000111100000
0000000011000000

#7
0000000000000000
0000000000000000
0000000110000000
0000001111000000
0000001111000000
0000000110000000
0000000000000000
0000000000000000

#8
1111111111111111
1111111111111111
1111111001111111
1111110000111111
1111110000111111
1111111001111111
1111111111111111
1111111111111111

#9
0000000000000000
0000001111000000
0000011001100000
0000010000100000
0000010000100000
0000011001100000
0000001111000000
0000000000000000

#10
1111111111111111
1111110000111111
1111100110011111
1111101111011111
1111101111011111
1111100110011111
1111110000111111
1111111111111111

#11
0000011110000000
0000111111000000
0000100001100000
0000100001110100
0000111111011100
0000011110001100
0000000000111100
0000000000000000

#12
0000000000000000
0000001001111000
0000001011111100
0000111110000100
0000111110000100
0000001011111100
0000001001111000
0000000000000000

#13
0000110000000000
0000111000000000
0000111111111100
0000011111111100
0000000000010100
0000000000010100
0000000000011100
0000000000011100

#14
0001110000000000
0001111111111100
0000111111111100
0000000000010100
0000000000010100
0000111000010100
0000111111111100
0000011111111100

#15
0000001010100000
0000001010100000
0000000111000000
0000111101111000
0000111101111000
0000000111000000
0000001010100000
0000001010100000

#16
0000111111111110
0000011111111100
0000001111111000
0000000111110000
0000000011100000
0000000001000000
0000000001000000
0000000000000000

#17
0000000001000000
0000000001000000
0000000011100000
0000000111110000
0000001111111000
0000011111111100
0000111111111110
0000000000000000

#18
0000000000000000
0000000100010000
0000001100011000
0000011111111100
0000011111111100
0000001100011000
0000000100010000
0000000000000000

#19
0000000000000000
0000110111111100
0000110111111100
0000000000000000
0000000000000000
0000110111111100
0000110111111100
0000000000000000

#20
0000000000111000
0000000001111100
0000000001000100
0000111111111100
0000111111111100
0000000000000100
0000111111111100
0000111111111100

#21
0000100011000100
0001100111101110
0001001100111010
0001001000010010
0001011100110010
0001110111100110
0000100011000100
0000000000000000

#22
0000111100000000
0000111100000000
0000111100000000
0000111100000000
0000111100000000
0000111100000000
0000111100000000
0000000000000000

#23
0000000000000000
0000100100010000
0000101100011000
0000111111111100
0000111111111100
0000101100011000
0000100100010000
0000000000000000

#24
0000000000000000
0000000000010000
0000000000011000
0000111111111100
0000111111111100
0000000000011000
0000000000010000
0000000000000000

#25
0000000000000000
0000001000000000
0000011000000000
0000111111111100
0000111111111100
0000011000000000
0000001000000000
0000000000000000

#26
0000000010000000
0000000010000000
0000000010000000
0000001010100000
0000001111100000
0000000111000000
0000000010000000
0000000000000000

#27
0000000010000000
0000000111000000
0000001111100000
0000001010100000
0000000010000000
0000000010000000
0000000010000000
0000000000000000

#28
0000001111000000
0000001111000000
0000001000000000
0000001000000000
0000001000000000
0000001000000000
0000001000000000
0000000000000000

#29
0000000010000000
0000000111000000
0000001111100000
0000000010000000
0000001111100000
0000000111000000
0000000010000000
0000000000000000

#30
0000011000000000
0000011110000000
0000011111100000
0000011111110000
0000011111100000
0000011110000000
0000011000000000
0000000000000000

#31
0000000000110000
0000000011110000
0000001111110000
0000011111110000
0000001111110000
0000000011110000
0000000000110000
0000000000000000

#32
0000000000000000
0000000000000000
0000000000000000
0000000000000000
0000000000000000
0000000000000000
0000000000000000
0000000000000000

#33
0000000000000000
0000000000000000
0000000000111000
0000110111111100
0000110111111100
0000000000111000
0000000000000000
0000000000000000

#34
0000000000000000
0000000000001110
0000000000011110
0000000000000000
0000000000000000
0000000000011110
0000000000001110
0000000000000000

#35
0000001000100000
0000111111111000
0000111111111000
0000001000100000
0000111111111000
0000111111111000
0000001000100000
0000000000000000

#36
0000011000111000
0000110001111100
0000100001000100
0011100001000111
0011100001000111
0000111111001100
0000011110011000
0000000000000000

#37
0000110000110000
0000011000110000
0000001100000000
0000000110000000
0000000011000000
0000110001100000
0000110000110000
0000000000000000

#38
0000011110000000
0000111111011000
0000100001111100
0000100011100100
0000011110111100
0000111111011000
0000100001000000
0000000000000000

#39
0000000000000000
0000000000010000
0000000000011110
0000000000001110
0000000000000000
0000000000000000
0000000000000000
0000000000000000

#40
0000000000000000
0000000000000000
0000001111110000
0000011111111000
0000110000001100
0000100000000100
0000000000000000
0000000000000000

#41
0000000000000000
0000000000000000
0000100000000100
0000110000001100
0000011111111000
0000001111110000
0000000000000000
0000000000000000

#42
0000000010000000
0000001010100000
0000001111100000
0000000111000000
0000000111000000
0000001111100000
0000001010100000
0000000010000000

#43
0000000000000000
0000000010000000
0000000010000000
0000001111100000
0000001111100000
0000000010000000
0000000010000000
0000000000000000

#44
0000000000000000
0000000000000000
0001000000000000
0001111000000000
0000111000000000
0000000000000000
0000000000000000
0000000000000000

#45
0000000010000000
0000000010000000
0000000010000000
0000000010000000
0000000010000000
0000000010000000
0000000010000000
0000000000000000

#46
0000000000000000
0000000000000000
0000000000000000
0000110000000000
0000110000000000
0000000000000000
0000000000000000
0000000000000000

#47
0000110000000000
0000011000000000
0000001100000000
0000000110000000
0000000011000000
0000000001100000
0000000000110000
0000000000000000

#48
0000001111110000
0000011111111000
0000110000001100
0000100011000100
0000110000001100
0000011111111000
0000001111110000
0000000000000000

#49
0000000000000000
0000100000010000
0000100000011000
0000111111111100
0000111111111100
0000100000000000
0000100000000000
0000000000000000

#50
0000111000001000
0000111100001100
0000100110000100
0000100011000100
0000100001100100
0000110000111100
0000110000011000
0000000000000000

#51
0000010000001000
0000110000001100
0000100001000100
0000100001000100
0000100001000100
0000111111111100
0000011110111000
0000000000000000

#52
0000000011000000
0000000011100000
0000000010110000
0000100010011000
0000111111111100
0000111111111100
0000100010000000
0000000000000000

#53
0000010001111100
0000110001111100
0000100001000100
0000100001000100
0000100001000100
0000111111000100
0000011110000100
0000000000000000

#54
0000011111110000
0000111111111000
0000100001001100
0000100001000100
0000100001000100
0000111111000000
0000011110000000
0000000000000000

#55
0000000000001100
0000000000001100
0000111100000100
0000111110000100
0000000011000100
0000000001111100
0000000000111100
0000000000000000

#56
0000011110111000
0000111111111100
0000100001000100
0000100001000100
0000100001000100
0000111111111100
0000011110111000
0000000000000000

#57
0000000000111000
0000100001111100
0000100001000100
0000100001000100
0000110001000100
0000011111111100
0000001111111000
0000000000000000

#58
0000000000000000
0000000000000000
0000000000000000
0000011000110000
0000011000110000
0000000000000000
0000000000000000
0000000000000000

#59
0000000000000000
0000000000000000
0000100000000000
0000111000110000
0000011000110000
0000000000000000
0000000000000000
0000000000000000

#60
0000000000000000
0000000010000000
0000000111000000
0000001101100000
0000011000110000
0000110000011000
0000100000001000
0000000000000000

#61
0000000000000000
0000000100100000
0000000100100000
0000000100100000
0000000100100000
0000000100100000
0000000100100000
0000000000000000

#62
0000000000000000
0000100000001000
0000110000011000
0000011000110000
0000001101100000
0000000111000000
0000000010000000
0000000000000000

#63
0000000000011000
0000000000011100
0000000000000100
0000110111000100
0000110111100100
0000000000111100
0000000000011000
0000000000000000

#64
0000011111110000
0000111111111000
0000100000001000
0000101111001000
0000101111001000
0000101111111000
0000000111110000
0000000000000000

#65
0000111111100000
0000111111110000
0000000010011000
0000000010001100
0000000010011000
0000111111110000
0000111111100000
0000000000000000

#66
0000100000000100
0000111111111100
0000111111111100
0000100001000100
0000100001000100
0000111111111100
0000011110111000
0000000000000000

#67
0000001111110000
0000011111111000
0000110000001100
0000100000000100
0000100000000100
0000110000001100
0000011000011000
0000000000000000

#68
0000100000000100
0000111111111100
0000111111111100
0000100000000100
0000110000001100
0000011111111000
0000001111110000
0000000000000000

#69
0000100000000100
0000111111111100
0000111111111100
0000100001000100
0000100011100100
0000110000001100
0000111000011100
0000000000000000

#70
0000100000000100
0000111111111100
0000111111111100
0000100001000100
0000000011100100
0000000000001100
0000000000011100
0000000000000000

#71
0000001111110000
0000011111111000
0000110000001100
0000100010000100
0000100010000100
0000011110001100
0000111110011000
0000000000000000

#72
0000111111111100
0000111111111100
0000000001000000
0000000001000000
0000000001000000
0000111111111100
0000111111111100
0000000000000000

#73
0000000000000000
0000000000000000
0000100000000100
0000111111111100
0000111111111100
0000100000000100
0000000000000000
0000000000000000

#74
0000011100000000
0000111100000000
0000100000000000
0000100000000100
0000111111111100
0000011111111100
0000000000000100
0000000000000000

#75
0000100000000100
0000111111111100
0000111111111100
0000000011000000
0000000111100000
0000111100111100
0000111000011100
0000000000000000

#76
0000100000000100
0000111111111100
0000111111111100
0000100000000100
0000100000000000
0000110000000000
0000111000000000
0000000000000000

#77
0000111111111100
0000111111111100
0000000000111000
0000000001110000
0000000000111000
0000111111111100
0000111111111100
0000000000000000

#78
0000111111111100
0000111111111100
0000000000111000
0000000001110000
0000000011100000
0000111111111100
0000111111111100
0000000000000000

#79
0000011111111000
0000111111111100
0000100000000100
0000100000000100
0000100000000100
0000111111111100
0000011111111000
0000000000000000

#80
0000100000000100
0000111111111100
0000111111111100
0000100001000100
0000000001000100
0000000001111100
0000000000111000
0000000000000000

#81
0000011111111000
0000111111111100
0000100000000100
0000111000000100
0011110000000100
0011111111111100
0010011111111000
0000000000000000

#82
0000100000000100
0000111111111100
0000111111111100
0000000001000100
0000000011000100
0000111111111100
0000111100111000
0000000000000000

#83
0000011000011000
0000111000111100
0000100001100100
0000100001000100
0000100011000100
0000111110011100
0000011100011000
0000000000000000

#84
0000000000000000
0000000000011100
0000100000001100
0000111111111100
0000111111111100
0000100000001100
0000000000011100
0000000000000000

#85
0000011111111100
0000111111111100
0000100000000000
0000100000000000
0000100000000000
0000111111111100
0000011111111100
0000000000000000

#86
0000000111111100
0000001111111100
0000011000000000
0000110000000000
0000011000000000
0000001111111100
0000000111111100
0000000000000000

#87
0000011111111100
0000111111111100
0000111000000000
0000001111000000
0000111000000000
0000111111111100
0000011111111100
0000000000000000

#88
0000110000001100
0000111100111100
0000001111110000
0000000111100000
0000001111110000
0000111100111100
0000110000001100
0000000000000000

#89
0000000000000000
0000000000111100
0000100001111100
0000111111000000
0000111111000000
0000100001111100
0000000000111100
0000000000000000

#90
0000111000011100
0000111100001100
0000100110000100
0000100011000100
0000100001100100
0000110000111100
0000111000011100
0000000000000000

#91
0000000000000000
0000000000000000
0000111111111100
0000111111111100
0000100000000100
0000100000000100
0000000000000000
0000000000000000

#92
0000000000111000
0000000001110000
0000000011100000
0000000111000000
0000001110000000
0000011100000000
0000111000000000
0000000000000000

#93
0000000000000000
0000000000000000
0000100000000100
0000100000000100
0000111111111100
0000111111111100
0000000000000000
0000000000000000

#94
0000000000001000
0000000000001100
0000000000000110
0000000000000011
0000000000000110
0000000000001100
0000000000001000
0000000000000000

#95
0010000000000000
0010000000000000
0010000000000000
0010000000000000
0010000000000000
0010000000000000
0010000000000000
0010000000000000

#96
0000000000000000
0000000000000000
0000000000000010
0000000000000110
0000000000001100
0000000000001000
0000000000000000
0000000000000000

#97
0000011100000000
0000111110100000
0000100010100000
0000100010100000
0000011111100000
0000111111000000
0000100000000000
0000000000000000

#98
0000000000000100
0000111111111100
0000111111111100
0000100000100000
0000100001100000
0000111111000000
0000011110000000
0000000000000000

#99
0000011111000000
0000111111100000
0000100000100000
0000100000100000
0000100000100000
0000110001100000
0000010001000000
0000000000000000

#100
0000011110000000
0000111111000000
0000100001100000
0000100000100100
0000011111111100
0000111111111100
0000100000000000
0000000000000000

#101
0000011111000000
0000111111100000
0000100010100000
0000100010100000
0000100010100000
0000110011100000
0000010011000000
0000000000000000

#102
0000000000000000
0000100001000000
0000111111111000
0000111111111100
0000100001000100
0000000000001100
0000000000011000
0000000000000000

#103
0010011111000000
0110111111100000
0100100000100000
0100100000100000
0111111111000000
0011111111100000
0000000000100000
0000000000000000

#104
0000100000000100
0000111111111100
0000111111111100
0000000001000000
0000000000100000
0000111111100000
0000111111000000
0000000000000000

#105
0000000000000000
0000000000000000
0000100000100000
0000111111101100
0000111111101100
0000100000000000
0000000000000000
0000000000000000

#106
0000000000000000
0011000000000000
0111000000000000
0100000000000000
0100000000100000
0111111111101100
0011111111101100
0000000000000000

#107
0000100000000100
0000111111111100
0000111111111100
0000000110000000
0000001111000000
0000111001100000
0000110000100000
0000000000000000

#108
0000000000000000
0000000000000000
0000100000000100
0000111111111100
0000111111111100
0000100000000000
0000000000000000
0000000000000000

#109
0000111111100000
0000111111100000
0000000001100000
0000011111000000
0000000001100000
0000111111100000
0000111111000000
0000000000000000

#110
0000000000100000
0000111111100000
0000111111000000
0000000000100000
0000000000100000
0000111111100000
0000111111000000
0000000000000000

#111
0000011111000000
0000111111100000
0000100000100000
0000100000100000
0000100000100000
0000111111100000
0000011111000000
0000000000000000

#112
0100000000100000
0111111111100000
0111111111000000
0100100000100000
0000100000100000
0000111111100000
0000011111000000
0000000000000000

#113
0000011111000000
0000111111100000
0000100000100000
0100100000100000
0111111111000000
0111111111100000
0100000000100000
0000000000000000

#114
0000100000100000
0000111111100000
0000111111000000
0000100001100000
0000000000100000
0000000011100000
0000000011000000
0000000000000000

#115
0000010001000000
0000110011100000
0000100110100000
0000100100100000
0000101100100000
0000111001100000
0000010001000000
0000000000000000

#116
0000000000100000
0000000000100000
0000011111111000
0000111111111100
0000100000100000
0000110000100000
0000010000000000
0000000000000000

#117
0000011111100000
0000111111100000
0000100000000000
0000100000000000
0000011111100000
0000111111100000
0000100000000000
0000000000000000

#118
0000001111100000
0000011111100000
0000110000000000
0000100000000000
0000110000000000
0000011111100000
0000001111100000
0000000000000000

#119
0000011111100000
0000111111100000
0000110000000000
0000011110000000
0000110000000000
0000111111100000
0000011111100000
0000000000000000

#120
0000100000100000
0000110001100000
0000011111000000
0000001110000000
0000011111000000
0000110001100000
0000100000100000
0000000000000000

#121
0100011111100000
0100111111100000
0100100000000000
0100100000000000
0110100000000000
0011111111100000
0001111111100000
0000000000000000

#122
0000110001100000
0000111001100000
0000101100100000
0000100110100000
0000100011100000
0000110001100000
0000110000100000
0000000000000000

#123
0000000000000000
0000000001000000
0000000001000000
0000011111111000
0000111110111100
0000100000000100
0000100000000100
0000000000000000

#124
0000000000000000
0000000000000000
0000000000000000
0000111111111100
0000111111111100
0000000000000000
0000000000000000
0000000000000000

#125
0000000000000000
0000100000000100
0000100000000100
0000111110111100
0000011111111000
0000000001000000
0000000001000000
0000000000000000

#126
0000000000000100
0000000000000110
0000000000000010
0000000000000110
0000000000000100
0000000000000110
0000000000000010
0000000000000000

#127
0000011110000000
0000011111000000
0000010001100000
0000010000110000
0000010001100000
0000011111000000
0000011110000000
0000000000000000

#128
0000001111110000
0010011111111000
0010110000001100
0011100000000100
0001100000000100
0000110000001100
0000011000011000
0000000000000000

#129
0000011111100100
0000111111100100
0000100000000000
0000100000000000
0000011111100100
0000111111100100
0000100000000000
0000000000000000

#130
0000011111000000
0000111111100000
0000100010101000
0000100010101100
0000100010100110
0000110011100010
0000010011000000
0000000000000000

#131
0000011100000000
0000111110101000
0000100010101100
0000100010100110
0000011111101100
0000111111001000
0000100000000000
0000000000000000

#132
0000011100000100
0000111110100100
0000100010100000
0000100010100000
0000011111100100
0000111111000100
0000100000000000
0000000000000000

#133
0000011100000000
0000111110100010
0000100010100110
0000100010101100
0000011111101000
0000111111000000
0000100000000000
0000000000000000

#134
0000011100000000
0000111110100100
0000100010101110
0000100010101010
0000011111101110
0000111111000100
0000100000000000
0000000000000000

#135
0000011111000000
0010111111100000
0010100000100000
0011100000100000
0001100000100000
0000110001100000
0000010001000000
0000000000000000

#136
0000011111000000
0000111111101000
0000100010101100
0000100010100110
0000100010101100
0000110011101000
0000010011000000
0000000000000000

#137
0000011111000100
0000111111100100
0000100010100000
0000100010100000
0000100010100000
0000110011100100
0000010011000100
0000000000000000

#138
0000011111000000
0000111111100010
0000100010100110
0000100010101100
0000100010101000
0000110011100000
0000010011000000
0000000000000000

#139
0000000000000000
0000000000000100
0000100000100100
0000111111100000
0000111111100000
0000100000000100
0000000000000100
0000000000000000

#140
0000000000000000
0000000000001000
0000100000101100
0000111111100110
0000111111100110
0000100000001100
0000000000001000
0000000000000000

#141
0000000000000000
0000000000000010
0000100000100110
0000111111101100
0000111111101000
0000100000000000
0000000000000000
0000000000000000

#142
0000111111000010
0000111111100010
0000000100110000
0000000100011000
0000000100110000
0000111111100010
0000111111000010
0000000000000000

#143
0000111111000000
0000111111100010
0000000010110111
0000000010011101
0000000010110111
0000111111100010
0000111111000000
0000000000000000

#144
0000100000001000
0000111111111000
0000111111111000
0000100010001010
0000100111001011
0000110000011001
0000111000111000
0000000000000000

#145
0000011000100000
0000111100100000
0000100111100000
0000011111000000
0000111100100000
0000100111100000
0000100111000000
0000000000000000

#146
0000111111110000
0000111111111000
0000000001001100
0000000001000100
0000111111111100
0000111111111100
0000100001000100
0000000000000000

#147
0000011111000000
0000111111101000
0000100000101100
0000100000100110
0000100000101100
0000111111101000
0000011111000000
0000000000000000

#148
0000011111000100
0000111111100100
0000100000100000
0000100000100000
0000100000100000
0000111111100100
0000011111000100
0000000000000000

#149
0000011111000000
0000111111100010
0000100000100110
0000100000101100
0000100000101000
0000111111100000
0000011111000000
0000000000000000

#150
0000011111101000
0000111111101100
0000100000000110
0000100000000110
0000011111101100
0000111111101000
0000100000000000
0000000000000000

#151
0000011111100000
0000111111100010
0000100000000110
0000100000001100
0000011111101000
0000111111100000
0000100000000000
0000000000000000

#152
0000011111100100
0100111111100100
0100100000000000
0100100000000000
0110100000000000
0011111111100100
0001111111100100
0000000000000000

#153
0000011111110010
0000111111111010
0000100000001000
0000100000001000
0000100000001000
0000111111111010
0000011111110010
0000000000000000

#154
0000011111111010
0000111111111010
0000100000000000
0000100000000000
0000100000000000
0000111111111010
0000011111111010
0000000000000000

#155
0000000111110000
0000001111111000
0000001000001000
0000111000001110
0000111000001110
0000001100011000
0000000100010000
0000000000000000

#156
0000110000100000
0000111111111100
0000111111111110
0000100000100010
0000100000000110
0000110000001100
0000010000000000
0000000000000000

#157
0000000000000000
0000000101001100
0000000101011100
0000111111110000
0000111111110000
0000000101011100
0000000101001100
0000000000000000

#158
0000111111111110
0000111111111110
0000000000010010
0000000010010010
0000011111011110
0000111111101100
0000100010000000
0000000000000000

#159
0000010000000000
0000110001000000
0000100001000000
0000111111111100
0000011111111110
0000000001000010
0000000001000110
0000000000000100

#160
0000011100000000
0000111110101000
0000100010101100
0000100010100110
0000011111100010
0000111111000000
0000100000000000
0000000000000000

#161
0000000000000000
0000000000000000
0000100000101000
0000111111101100
0000111111100110
0000100000000010
0000000000000000
0000000000000000

#162
0000011111000000
0000111111101000
0000100000101100
0000100000100110
0000100000100010
0000111111100000
0000011111000000
0000000000000000

#163
0000011111100000
0000111111101000
0000100000001100
0000100000000110
0000011111100010
0000111111100000
0000100000000000
0000000000000000

#164
0000000000101000
0000111111101100
0000111111000100
0000000000101100
0000000000101000
0000111111101100
0000111111000100
0000000000000000

#165
0000111111111010
0000111111111011
0000000001110001
0000000011100011
0000000111000010
0000111111111011
0000111111111001
0000000000000000

#166
0000000000000000
0000000010011000
0000000010111100
0000000010100100
0000000010111100
0000000010111100
0000000010100000
0000000000000000

#167
0000000000000000
0000000010011000
0000000010111100
0000000010100100
0000000010111100
0000000010011000
0000000000000000
0000000000000000

#168
0000011100000000
0000111110000000
0000100011101100
0000100001101100
0000100000000000
0000111000000000
0000011000000000
0000000000000000

#169
0000011111000000
0000011111000000
0000000001000000
0000000001000000
0000000001000000
0000000001000000
0000000001000000
0000000000000000

#170
0000000001000000
0000000001000000
0000000001000000
0000000001000000
0000000001000000
0000011111000000
0000011111000000
0000000000000000

#171
0000011000000100
0000001100111110
0010000110111110
0011001011000000
0011101001100000
0010111000110000
0010010000011000
0000000000000000

#172
0000011000000100
0000001100111110
0000100110111110
0000110011000000
0000111001100000
0011101100110000
0011111100011000
0000100000000000

#173
0000000000000000
0000000000000000
0000011100000000
0000111111101100
0000111111101100
0000011100000000
0000000000000000
0000000000000000

#174
0000000010000000
0000000111000000
0000001101100000
0000001010100000
0000000111000000
0000001101100000
0000001000100000
0000000000000000

#175
0000001000100000
0000001101100000
0000000111000000
0000001010100000
0000001101100000
0000000111000000
0000000010000000
0000000000000000

#176
0000000000000000
1010101010101010
0000000000000000
0101010101010101
0000000000000000
1010101010101010
0000000000000000
0101010101010101

#177
1010101010101010
0101010101010101
1010101010101010
0101010101010101
1010101010101010
0101010101010101
1010101010101010
0101010101010101

#178
0101010101010101
1111111111111111
1010101010101010
1111111111111111
0101010101010101
1111111111111111
1010101010101010
1111111111111111

#179
0000000000000000
0000000000000000
0000000000000000
1111111111111111
1111111111111111
0000000000000000
0000000000000000
0000000000000000

#180
0000000010000000
0000000010000000
0000000010000000
1111111111111111
1111111111111111
0000000000000000
0000000000000000
0000000000000000

#181
0000000010100000
0000000010100000
0000000010100000
1111111111111111
1111111111111111
0000000000000000
0000000000000000
0000000000000000

#182
0000000010000000
0000000010000000
1111111111111111
1111111111111111
0000000000000000
1111111111111111
1111111111111111
0000000000000000

#183
0000000010000000
0000000010000000
1111111110000000
1111111110000000
0000000010000000
1111111110000000
1111111110000000
0000000000000000

#184
0000000010100000
0000000010100000
0000000010100000
1111111111100000
1111111111100000
0000000000000000
0000000000000000
0000000000000000

#185
0000000010100000
0000000010100000
1111111110111111
1111111110111111
0000000000000000
1111111111111111
1111111111111111
0000000000000000

#186
0000000000000000
0000000000000000
1111111111111111
1111111111111111
0000000000000000
1111111111111111
1111111111111111
0000000000000000

#187
0000000010100000
0000000010100000
1111111110100000
1111111110100000
0000000000100000
1111111111100000
1111111111100000
0000000000000000

#188
0000000010100000
0000000010100000
0000000010111111
0000000010111111
0000000010000000
0000000011111111
0000000011111111
0000000000000000

#189
0000000010000000
0000000010000000
0000000011111111
0000000011111111
0000000010000000
0000000011111111
0000000011111111
0000000000000000

#190
0000000010100000
0000000010100000
0000000010100000
0000000011111111
0000000011111111
0000000000000000
0000000000000000
0000000000000000

#191
0000000010000000
0000000010000000
0000000010000000
1111111110000000
1111111110000000
0000000000000000
0000000000000000
0000000000000000

#192
0000000000000000
0000000000000000
0000000000000000
0000000011111111
0000000011111111
0000000010000000
0000000010000000
0000000010000000

#193
0000000010000000
0000000010000000
0000000010000000
0000000011111111
0000000011111111
0000000010000000
0000000010000000
0000000010000000

#194
0000000010000000
0000000010000000
0000000010000000
1111111110000000
1111111110000000
0000000010000000
0000000010000000
0000000010000000

#195
0000000000000000
0000000000000000
0000000000000000
1111111111111111
1111111111111111
0000000010000000
0000000010000000
0000000010000000

#196
0000000010000000
0000000010000000
0000000010000000
0000000010000000
0000000010000000
0000000010000000
0000000010000000
0000000010000000

#197
0000000010000000
0000000010000000
0000000010000000
1111111111111111
1111111111111111
0000000010000000
0000000010000000
0000000010000000

#198
0000000000000000
0000000000000000
0000000000000000
1111111111111111
1111111111111111
0000000010100000
0000000010100000
0000000010100000

#199
0000000000000000
0000000000000000
1111111111111111
1111111111111111
0000000000000000
1111111111111111
1111111111111111
0000000010000000

#200
0000000000000000
0000000000000000
0000000011111111
0000000011111111
0000000010000000
0000000010111111
0000000010111111
0000000010100000

#201
0000000000000000
0000000000000000
1111111111100000
1111111111100000
0000000000100000
1111111110100000
1111111110100000
0000000010100000

#202
0000000010100000
0000000010100000
0000000010111111
0000000010111111
0000000010000000
0000000010111111
0000000010111111
0000000010100000

#203
0000000010100000
0000000010100000
1111111110100000
1111111110100000
0000000000100000
1111111110100000
1111111110100000
0000000010100000

#204
0000000000000000
0000000000000000
1111111111111111
1111111111111111
0000000000000000
1111111110111111
1111111110111111
0000000010100000

#205
0000000010100000
0000000010100000
0000000010100000
0000000010100000
0000000010100000
0000000010100000
0000000010100000
0000000010100000

#206
0000000010100000
0000000010100000
1111111110111111
1111111110111111
0000000000000000
1111111110111111
1111111110111111
0000000010100000

#207
0000000010100000
0000000010100000
0000000010100000
0000000010111111
0000000010111111
0000000010100000
0000000010100000
0000000010100000

#208
0000000010000000
0000000010000000
0000000011111111
0000000011111111
0000000010000000
0000000011111111
0000000011111111
0000000010000000

#209
0000000010100000
0000000010100000
0000000010100000
1111111110100000
1111111110100000
0000000010100000
0000000010100000
0000000010100000

#210
0000000010000000
0000000010000000
1111111110000000
1111111110000000
0000000010000000
1111111110000000
1111111110000000
0000000010000000

#211
0000000000000000
0000000000000000
0000000011111111
0000000011111111
0000000010000000
0000000011111111
0000000011111111
0000000010000000

#212
0000000000000000
0000000000000000
0000000000000000
0000000011111111
0000000011111111
0000000010100000
0000000010100000
0000000010100000

#213
0000000000000000
0000000000000000
0000000000000000
1111111111100000
1111111111100000
0000000010100000
0000000010100000
0000000010100000

#214
0000000000000000
0000000000000000
1111111110000000
1111111110000000
0000000010000000
1111111110000000
1111111110000000
0000000010000000

#215
0000000010000000
0000000010000000
1111111111111111
1111111111111111
0000000010000000
1111111111111111
1111111111111111
0000000010000000

#216
0000000010100000
0000000010100000
0000000010100000
1111111111111111
1111111111111111
0000000010100000
0000000010100000
0000000010100000

#217
0000000010000000
0000000010000000
0000000010000000
0000000011111111
0000000011111111
0000000000000000
0000000000000000
0000000000000000

#218
0000000000000000
0000000000000000
0000000000000000
1111111110000000
1111111110000000
0000000010000000
0000000010000000
0000000010000000

#219
1111111111111111
1111111111111111
1111111111111111
1111111111111111
1111111111111111
1111111111111111
1111111111111111
1111111111111111

#220
1111111110000000
1111111110000000
1111111110000000
1111111110000000
1111111110000000
1111111110000000
1111111110000000
1111111110000000

#221
1111111111111111
1111111111111111
1111111111111111
1111111111111111
0000000000000000
0000000000000000
0000000000000000
0000000000000000

#222
0000000000000000
0000000000000000
0000000000000000
0000000000000000
1111111111111111
1111111111111111
1111111111111111
1111111111111111

#223
0000000001111111
0000000001111111
0000000001111111
0000000001111111
0000000001111111
0000000001111111
0000000001111111
0000000001111111

#224
0000011111000000
0000111111100000
0000100000100000
0000111111100000
0000011111000000
0000110001100000
0000100000100000
0000000000000000

#225
0000111111111000
0000111111111100
0000000000000100
0000000001000100
0000100011111100
0000111110111000
0000011100000000
0000000000000000

#226
0000111111111100
0000111111111100
0000000000000100
0000000000000100
0000000000000100
0000000000011100
0000000000011100
0000000000000000

#227
0000000000100000
0000111111100000
0000111111100000
0000000000100000
0000111111100000
0000111111100000
0000000000100000
0000000000000000

#228
0000110000001100
0000111000011100
0000101100110100
0000100111100100
0000100011000100
0000110000001100
0000110000001100
0000000000000000

#229
0000011111000000
0000111111100000
0000100000100000
0000111111100000
0000011111100000
0000000000100000
0000000000100000
0000000000000000

#230
0100000000000000
0111111111100000
0011111111100000
0000100000000000
0000100000000000
0000111111100000
0000011111100000
0000000000000000

#231
0000000000100000
0000000000110000
0000000000010000
0000111111110000
0000111111100000
0000000000110000
0000000000010000
0000000000000000

#232
0000000000000000
0000100111100100
0000101111110100
0000111000011100
0000111000011100
0000101111110100
0000100111100100
0000000000000000

#233
0000001111110000
0000011111111000
0000110001001100
0000100001000100
0000110001001100
0000011111111000
0000001111110000
0000000000000000

#234
0000100001110000
0000111111111000
0000111110001100
0000000000000100
0000111110001100
0000111111111000
0000100001110000
0000000000000000

#235
0000000000000000
0000011110000000
0000111111001000
0000100001011100
0000100001110100
0000111111100100
0000011111000100
0000000000000000

#236
0000000111000000
0000001111100000
0000001000100000
0000001111100000
0000001111100000
0000001000100000
0000001111100000
0000000111000000

#237
0000100111000000
0000111111100000
0000011100100000
0000001111100000
0000001011100000
0000001000110000
0000001111111000
0000000111001000

#238
0000000000000000
0000001111110000
0000011111111000
0000110001001100
0000100001000100
0000100001000100
0000000000000000
0000000000000000

#239
0000111111110000
0000111111111000
0000000000001000
0000000000001000
0000000000001000
0000111111111000
0000111111110000
0000000000000000

#240
0000010010010000
0000010010010000
0000010010010000
0000010010010000
0000010010010000
0000010010010000
0000010010010000
0000000000000000

#241
0000000000000000
0000100001000000
0000100001000000
0000100111110000
0000100111110000
0000100001000000
0000100001000000
0000000000000000

#242
0000000000000000
0000100000000000
0000101000001000
0000101100011000
0000100110110000
0000100011100000
0000100001000000
0000000000000000

#243
0000000000000000
0000100001000000
0000100011100000
0000100110110000
0000101100011000
0000101000001000
0000100000000000
0000000000000000

#244
0000000000000000
0000000000000000
0000000000000000
1111111111111000
1111111111111100
0000000000000100
0000000000011100
0000000000011000

#245
0000111000000000
0001111000000000
0001000000000000
0001111111111111
0000111111111111
0000000000000000
0000000000000000
0000000000000000

#246
0000000000000000
0000000010000000
0000000010000000
0000001010100000
0000001010100000
0000000010000000
0000000010000000
0000000000000000

#247
0000001001000000
0000001101100000
0000000100100000
0000001101100000
0000001001000000
0000001101100000
0000000100100000
0000000000000000

#248
0000000000000000
0000000000001100
0000000000011110
0000000000010010
0000000000011110
0000000000001100
0000000000000000
0000000000000000

#249
0000000000000000
0000000000000000
0000000000000000
0000000110000000
0000000110000000
0000000000000000
0000000000000000
0000000000000000

#250
0000000000000000
0000000000000000
0000000000000000
0000000010000000
0000000010000000
0000000000000000
0000000000000000
0000000000000000

#251
0000000010000000
0000001110000000
0000011110000000
0000110000000000
0000111111111110
0000111111111110
0000000000000010
0000000000000010

#252
0000000000000000
0000000000000010
0000000001111110
0000000001111100
0000000000000010
0000000001111110
0000000001111100
0000000000000000

#253
0000000000000000
0000000001000100
0000000001100110
0000000001110010
0000000001011010
0000000001001110
0000000001100100
0000000000000000

#254
0000000000000000
0000011111110000
0000011111110000
0000011111110000
0000011111110000
0000011111110000
0000011111110000
0000000000000000

#255
1111111111111111
1000000000000001
1000000000000001
1000000000000001
1000000000000001
1000000000000001
1000000000000001
1111111111111111

